 7.143e-005
 0.07144
  0.1424
  0.2127
  0.2819
  0.3497
  0.4156
  0.4795
  0.5409
  0.5995
  0.6551
  0.7074
   0.756
  0.8008
  0.8415
  0.8779
  0.9099
  0.9371
  0.9597
  0.9773
  0.9899
  0.9975
       1
  0.9974
  0.9897
   0.977
  0.9593
  0.9367
  0.9093
  0.8772
  0.8407
     0.8
  0.7551
  0.7064
  0.6541
  0.5984
  0.5397
  0.4783
  0.4144
  0.3483
  0.2806
  0.2113
   0.141
 0.07004
-0.001336
 -0.0727
 -0.1437
  -0.214
 -0.2831
 -0.3509
 -0.4168
 -0.4806
  -0.542
 -0.6006
 -0.6561
 -0.7083
 -0.7568
 -0.8016
 -0.8422
 -0.8785
 -0.9104
 -0.9376
   -0.96
 -0.9775
 -0.9901
 -0.9976
      -1
 -0.9973
 -0.9895
 -0.9767
 -0.9589
 -0.9362
 -0.9087
 -0.8766
 -0.8401
 -0.7992
 -0.7543
 -0.7055
 -0.6531
 -0.5974
 -0.5386
 -0.4771
 -0.4132
 -0.3472
 -0.2793
 -0.2101
 -0.1398
-0.06877
  0.0026
 0.07396
  0.1449
  0.2152
  0.2843
   0.352
  0.4179
  0.4817
   0.543
  0.6016
   0.657
  0.7092
  0.7577
  0.8023
  0.8429
  0.8791
  0.9109
   0.938
  0.9604
  0.9778
  0.9903
  0.9977
       1
  0.9972
  0.9893
  0.9764
  0.9585
  0.9358
  0.9082
   0.876
  0.8394
  0.7984
  0.7534
  0.7046
  0.6522
  0.5964
  0.5376
   0.476
  0.4121
   0.346
  0.2781
  0.2089
  0.1385
 0.06751
-0.003865
-0.07522
 -0.1462
 -0.2164
 -0.2855
 -0.3532
 -0.4191
 -0.4828
 -0.5441
 -0.6026
  -0.658
 -0.7101
 -0.7585
 -0.8031
 -0.8436
 -0.8797
 -0.9114
 -0.9385
 -0.9607
 -0.9781
 -0.9904
 -0.9978
      -1
 -0.9971
 -0.9892
 -0.9762
 -0.9582
 -0.9353
 -0.9077
 -0.8754
 -0.8387
 -0.7977
 -0.7526
 -0.7037
 -0.6512
 -0.5954
 -0.5365
 -0.4749
 -0.4109
 -0.3448
 -0.2769
 -0.2076
 -0.1373
-0.06625
 0.005129
 0.07648
  0.1474
  0.2177
  0.2868
  0.3544
  0.4202
  0.4839
  0.5451
  0.6036
  0.6589
  0.7109
  0.7593
  0.8038
  0.8442
  0.8803
  0.9119
  0.9389
  0.9611
  0.9783
  0.9906
  0.9978
       1
   0.997
   0.989
  0.9759
  0.9578
  0.9349
  0.9072
  0.8748
   0.838
  0.7969
  0.7518
  0.7028
  0.6502
  0.5944
  0.5354
  0.4738
  0.4097
  0.3436
  0.2757
  0.2064
   0.136
 0.06499
-0.006394
-0.07774
 -0.1487
 -0.2189
  -0.288
 -0.3556
 -0.4214
  -0.485
 -0.5462
 -0.6046
 -0.6599
 -0.7118
 -0.7601
 -0.8046
 -0.8449
 -0.8809
 -0.9125
 -0.9393
 -0.9614
 -0.9786
 -0.9908
 -0.9979
      -1
 -0.9969
 -0.9888
 -0.9756
 -0.9575
 -0.9344
 -0.9066
 -0.8742
 -0.8373
 -0.7962
 -0.7509
 -0.7019
 -0.6493
 -0.5933
 -0.5344
 -0.4727
 -0.4086
 -0.3424
 -0.2745
 -0.2052
 -0.1348
-0.06373
 0.007658
   0.079
  0.1499
  0.2201
  0.2892
  0.3568
  0.4225
  0.4861
  0.5473
  0.6056
  0.6608
  0.7127
   0.761
  0.8053
  0.8456
  0.8815
   0.913
  0.9398
  0.9618
  0.9789
   0.991
   0.998
       1
  0.9968
  0.9886
  0.9753
  0.9571
   0.934
  0.9061
  0.8736
  0.8366
  0.7954
  0.7501
   0.701
  0.6483
  0.5923
  0.5333
  0.4716
  0.4074
  0.3412
  0.2733
  0.2039
  0.1335
 0.06247
-0.008923
-0.08026
 -0.1512
 -0.2214
 -0.2904
 -0.3579
 -0.4237
 -0.4872
 -0.5483
 -0.6066
 -0.6618
 -0.7136
 -0.7618
 -0.8061
 -0.8463
 -0.8821
 -0.9135
 -0.9402
 -0.9621
 -0.9791
 -0.9911
 -0.9981
      -1
 -0.9967
 -0.9884
 -0.9751
 -0.9567
 -0.9335
 -0.9055
  -0.873
 -0.8359
 -0.7946
 -0.7493
 -0.7001
 -0.6473
 -0.5913
 -0.5322
 -0.4705
 -0.4063
   -0.34
 -0.2721
 -0.2027
 -0.1323
 -0.0612
 0.01019
 0.08153
  0.1524
  0.2226
  0.2916
  0.3591
  0.4248
  0.4883
  0.5494
  0.6076
  0.6627
  0.7145
  0.7626
  0.8068
  0.8469
  0.8827
   0.914
  0.9406
  0.9625
  0.9794
  0.9913
  0.9982
  0.9999
  0.9966
  0.9882
  0.9748
  0.9564
  0.9331
   0.905
  0.8723
  0.8352
  0.7939
  0.7484
  0.6992
  0.6464
  0.5903
  0.5312
  0.4693
  0.4051
  0.3388
  0.2708
  0.2014
   0.131
 0.05994
-0.01145
-0.08279
 -0.1537
 -0.2238
 -0.2928
 -0.3603
  -0.426
 -0.4894
 -0.5504
 -0.6086
 -0.6637
 -0.7154
 -0.7634
 -0.8076
 -0.8476
 -0.8833
 -0.9145
 -0.9411
 -0.9628
 -0.9796
 -0.9915
 -0.9982
 -0.9999
 -0.9965
  -0.988
 -0.9745
  -0.956
 -0.9326
 -0.9045
 -0.8717
 -0.8345
 -0.7931
 -0.7476
 -0.6983
 -0.6454
 -0.5893
 -0.5301
 -0.4682
  -0.404
 -0.3377
 -0.2696
 -0.2002
 -0.1298
-0.05868
 0.01272
 0.08405
  0.1549
  0.2251
   0.294
  0.3615
  0.4271
  0.4905
  0.5515
  0.6096
  0.6646
  0.7163
  0.7642
  0.8083
  0.8483
  0.8839
   0.915
  0.9415
  0.9631
  0.9799
  0.9916
  0.9983
  0.9999
  0.9964
  0.9878
  0.9742
  0.9556
  0.9321
  0.9039
  0.8711
  0.8338
  0.7923
  0.7467
  0.6974
  0.6445
  0.5882
   0.529
  0.4671
  0.4028
  0.3365
  0.2684
   0.199
  0.1285
 0.05742
-0.01398
-0.08531
 -0.1562
 -0.2263
 -0.2952
 -0.3627
 -0.4282
 -0.4916
 -0.5525
 -0.6106
 -0.6656
 -0.7171
 -0.7651
 -0.8091
 -0.8489
 -0.8845
 -0.9155
 -0.9419
 -0.9635
 -0.9801
 -0.9918
 -0.9984
 -0.9999
 -0.9963
 -0.9876
 -0.9739
 -0.9552
 -0.9317
 -0.9034
 -0.8705
 -0.8331
 -0.7915
 -0.7459
 -0.6965
 -0.6435
 -0.5872
 -0.5279
  -0.466
 -0.4017
 -0.3353
 -0.2672
 -0.1977
 -0.1273
-0.05615
 0.01524
 0.08657
  0.1574
  0.2275
  0.2964
  0.3638
  0.4294
  0.4927
  0.5536
  0.6116
  0.6665
   0.718
  0.7659
  0.8098
  0.8496
  0.8851
   0.916
  0.9423
  0.9638
  0.9804
  0.9919
  0.9985
  0.9999
  0.9962
  0.9874
  0.9736
  0.9549
  0.9312
  0.9028
  0.8699
  0.8324
  0.7908
  0.7451
  0.6956
  0.6425
  0.5862
  0.5269
  0.4649
  0.4005
  0.3341
   0.266
  0.1965
   0.126
 0.05489
-0.01651
-0.08783
 -0.1587
 -0.2288
 -0.2976
  -0.365
 -0.4305
 -0.4938
 -0.5546
 -0.6126
 -0.6675
 -0.7189
 -0.7667
 -0.8105
 -0.8503
 -0.8857
 -0.9166
 -0.9428
 -0.9642
 -0.9806
 -0.9921
 -0.9985
 -0.9999
 -0.9961
 -0.9872
 -0.9733
 -0.9545
 -0.9308
 -0.9023
 -0.8692
 -0.8317
   -0.79
 -0.7442
 -0.6947
 -0.6415
 -0.5852
 -0.5258
 -0.4638
 -0.3993
 -0.3329
 -0.2647
 -0.1952
 -0.1248
-0.05363
 0.01777
 0.08908
  0.1599
    0.23
  0.2989
  0.3662
  0.4317
  0.4949
  0.5557
  0.6136
  0.6684
  0.7198
  0.7675
  0.8113
  0.8509
  0.8863
  0.9171
  0.9432
  0.9645
  0.9809
  0.9923
  0.9986
  0.9998
   0.996
   0.987
   0.973
  0.9541
  0.9303
  0.9018
  0.8686
   0.831
  0.7892
  0.7434
  0.6937
  0.6406
  0.5841
  0.5247
  0.4626
  0.3982
  0.3317
  0.2635
   0.194
  0.1235
 0.05237
-0.01904
-0.09034
 -0.1612
 -0.2312
 -0.3001
 -0.3674
 -0.4328
  -0.496
 -0.5567
 -0.6146
 -0.6693
 -0.7207
 -0.7683
  -0.812
 -0.8516
 -0.8868
 -0.9176
 -0.9436
 -0.9648
 -0.9811
 -0.9924
 -0.9987
 -0.9998
 -0.9959
 -0.9868
 -0.9728
 -0.9537
 -0.9298
 -0.9012
  -0.868
 -0.8303
 -0.7884
 -0.7425
 -0.6928
 -0.6396
 -0.5831
 -0.5236
 -0.4615
  -0.397
 -0.3305
 -0.2623
 -0.1928
 -0.1222
 -0.0511
  0.0203
  0.0916
  0.1624
  0.2324
  0.3013
  0.3685
   0.434
  0.4971
  0.5578
  0.6156
  0.6703
  0.7215
  0.7691
  0.8128
  0.8523
  0.8874
  0.9181
   0.944
  0.9652
  0.9814
  0.9926
  0.9987
  0.9998
  0.9957
  0.9866
  0.9725
  0.9534
  0.9294
  0.9007
  0.8674
  0.8296
  0.7877
  0.7417
  0.6919
  0.6386
  0.5821
  0.5226
  0.4604
  0.3959
  0.3293
  0.2611
  0.1915
   0.121
 0.04984
-0.02157
-0.09286
 -0.1637
 -0.2337
 -0.3025
 -0.3697
 -0.4351
 -0.4982
 -0.5588
 -0.6166
 -0.6712
 -0.7224
 -0.7699
 -0.8135
 -0.8529
  -0.888
 -0.9186
 -0.9444
 -0.9655
 -0.9816
 -0.9927
 -0.9988
 -0.9998
 -0.9956
 -0.9864
 -0.9722
  -0.953
 -0.9289
 -0.9001
 -0.8667
 -0.8289
 -0.7869
 -0.7408
  -0.691
 -0.6377
 -0.5811
 -0.5215
 -0.4593
 -0.3947
 -0.3281
 -0.2599
 -0.1903
 -0.1197
-0.04858
 0.02283
 0.09412
  0.1649
  0.2349
  0.3037
  0.3709
  0.4362
  0.4993
  0.5599
  0.6176
  0.6722
  0.7233
  0.7707
  0.8142
  0.8536
  0.8886
  0.9191
  0.9448
  0.9658
  0.9818
  0.9929
  0.9988
  0.9997
  0.9955
  0.9862
  0.9719
  0.9526
  0.9284
  0.8996
  0.8661
  0.8282
  0.7861
    0.74
  0.6901
  0.6367
    0.58
  0.5204
  0.4581
  0.3935
  0.3269
  0.2586
   0.189
  0.1185
 0.04731
-0.02409
-0.09538
 -0.1662
 -0.2361
 -0.3049
 -0.3721
 -0.4374
 -0.5004
 -0.5609
 -0.6186
 -0.6731
 -0.7242
 -0.7715
  -0.815
 -0.8542
 -0.8892
 -0.9196
 -0.9453
 -0.9661
 -0.9821
  -0.993
 -0.9989
 -0.9997
 -0.9954
  -0.986
 -0.9716
 -0.9522
  -0.928
  -0.899
 -0.8655
 -0.8275
 -0.7853
 -0.7391
 -0.6892
 -0.6357
  -0.579
 -0.5193
  -0.457
 -0.3924
 -0.3257
 -0.2574
 -0.1878
 -0.1172
-0.04605
 0.02536
 0.09664
  0.1674
  0.2374
  0.3061
  0.3732
  0.4385
  0.5015
   0.562
  0.6196
   0.674
   0.725
  0.7723
  0.8157
  0.8549
  0.8897
  0.9201
  0.9457
  0.9665
  0.9823
  0.9932
   0.999
  0.9997
  0.9953
  0.9858
  0.9713
  0.9518
  0.9275
  0.8985
  0.8648
  0.8268
  0.7845
  0.7383
  0.6883
  0.6347
   0.578
  0.5182
  0.4559
  0.3912
  0.3245
  0.2562
  0.1866
   0.116
 0.04479
-0.02662
 -0.0979
 -0.1687
 -0.2386
 -0.3073
 -0.3744
 -0.4396
 -0.5026
  -0.563
 -0.6206
  -0.675
 -0.7259
 -0.7731
 -0.8164
 -0.8556
 -0.8903
 -0.9205
 -0.9461
 -0.9668
 -0.9826
 -0.9933
  -0.999
 -0.9996
 -0.9951
 -0.9856
  -0.971
 -0.9514
  -0.927
 -0.8979
 -0.8642
 -0.8261
 -0.7838
 -0.7374
 -0.6873
 -0.6338
 -0.5769
 -0.5172
 -0.4548
   -0.39
 -0.3233
  -0.255
 -0.1853
 -0.1147
-0.04352
 0.02789
 0.09916
  0.1699
  0.2398
  0.3085
  0.3756
  0.4408
  0.5037
  0.5641
  0.6216
  0.6759
  0.7268
  0.7739
  0.8172
  0.8562
  0.8909
   0.921
  0.9465
  0.9671
  0.9828
  0.9935
  0.9991
  0.9996
   0.995
  0.9854
  0.9707
   0.951
  0.9265
  0.8973
  0.8636
  0.8254
   0.783
  0.7366
  0.6864
  0.6328
  0.5759
  0.5161
  0.4536
  0.3889
  0.3221
  0.2538
  0.1841
  0.1135
 0.04226
-0.02915
 -0.1004
 -0.1712
  -0.241
 -0.3097
 -0.3768
 -0.4419
 -0.5048
 -0.5651
 -0.6226
 -0.6768
 -0.7276
 -0.7747
 -0.8179
 -0.8569
 -0.8915
 -0.9215
 -0.9469
 -0.9674
  -0.983
 -0.9936
 -0.9991
 -0.9996
 -0.9949
 -0.9851
 -0.9704
 -0.9506
 -0.9261
 -0.8968
 -0.8629
 -0.8246
 -0.7822
 -0.7357
 -0.6855
 -0.6318
 -0.5749
  -0.515
 -0.4525
 -0.3877
 -0.3209
 -0.2525
 -0.1828
 -0.1122
  -0.041
 0.03041
  0.1017
  0.1724
  0.2423
  0.3109
  0.3779
   0.443
  0.5059
  0.5662
  0.6236
  0.6778
  0.7285
  0.7755
  0.8186
  0.8575
   0.892
   0.922
  0.9473
  0.9677
  0.9833
  0.9938
  0.9992
  0.9995
  0.9948
  0.9849
  0.9701
  0.9502
  0.9256
  0.8962
  0.8623
  0.8239
  0.7814
  0.7349
  0.6846
  0.6308
  0.5738
  0.5139
  0.4514
  0.3865
  0.3197
  0.2513
  0.1816
  0.1109
 0.03973
-0.03168
 -0.1029
 -0.1737
 -0.2435
 -0.3121
 -0.3791
 -0.4442
  -0.507
 -0.5672
 -0.6245
 -0.6787
 -0.7294
 -0.7763
 -0.8193
 -0.8582
 -0.8926
 -0.9225
 -0.9477
 -0.9681
 -0.9835
 -0.9939
