 0.0001709
  0.1707
  0.3389
  0.5023
  0.6589
  0.8064
  0.9429
   1.067
   1.176
    1.27
   1.347
   1.407
    1.45
   1.474
   1.481
    1.47
   1.444
   1.401
   1.345
   1.276
   1.196
   1.107
    1.01
  0.9082
   0.803
  0.6966
  0.5908
  0.4876
  0.3887
  0.2956
  0.2098
  0.1324
 0.06446
 0.006548
-0.04085
-0.07756
 -0.1037
 -0.1196
 -0.1259
 -0.1234
 -0.1131
 -0.0964
-0.07452
-0.04901
-0.02146
  0.0065
 0.03324
 0.05714
 0.07666
 0.09037
 0.09697
 0.09533
 0.08453
 0.06385
 0.03284
-0.008727
-0.06079
  -0.123
 -0.1949
 -0.2755
 -0.3638
 -0.4584
  -0.558
 -0.6608
 -0.7649
 -0.8686
 -0.9698
  -1.066
  -1.157
  -1.238
   -1.31
   -1.37
  -1.416
  -1.447
  -1.462
   -1.46
  -1.441
  -1.405
   -1.35
  -1.278
   -1.19
  -1.085
 -0.9661
 -0.8336
 -0.6896
 -0.5359
 -0.3745
 -0.2077
-0.03774
   0.133
  0.3022
  0.4675
  0.6266
  0.7774
  0.9177
   1.046
    1.16
   1.259
   1.342
   1.408
   1.456
   1.486
   1.498
   1.492
    1.47
   1.432
   1.379
   1.313
   1.234
   1.147
    1.05
  0.9482
  0.8419
  0.7336
  0.6251
  0.5185
  0.4155
  0.3179
   0.227
  0.1442
 0.07054
 0.006795
-0.04647
-0.08896
 -0.1207
 -0.1419
  -0.153
 -0.1548
 -0.1484
 -0.1347
 -0.1151
-0.09119
-0.06438
-0.03633
-0.008686
 0.01693
 0.03895
 0.05587
 0.06635
 0.06917
 0.06332
 0.04799
 0.02262
-0.01313
-0.05932
 -0.1157
 -0.1819
 -0.2572
 -0.3405
 -0.4306
 -0.5263
 -0.6258
 -0.7274
 -0.8292
 -0.9294
  -1.026
  -1.117
    -1.2
  -1.274
  -1.336
  -1.386
  -1.421
  -1.441
  -1.444
  -1.431
    -1.4
  -1.351
  -1.285
  -1.201
  -1.102
 -0.9877
 -0.8595
 -0.7193
 -0.5687
 -0.4097
 -0.2446
-0.07551
 0.09516
  0.2651
  0.4318
  0.5932
  0.7469
  0.8909
   1.023
   1.142
   1.246
   1.335
   1.406
   1.459
   1.495
   1.512
   1.512
   1.494
    1.46
   1.411
   1.348
   1.272
   1.186
   1.091
  0.9885
  0.8813
  0.7713
  0.6605
  0.5508
   0.444
   0.342
  0.2462
  0.1582
  0.0789
 0.009368
-0.04976
-0.09808
 -0.1355
 -0.1621
 -0.1782
 -0.1846
 -0.1821
 -0.1718
 -0.1549
 -0.1328
 -0.1071
-0.07929
-0.05107
-0.02405
 0.0001525
 0.02001
 0.03411
 0.04117
 0.04009
 0.02996
 0.01013
-0.01986
-0.06018
 -0.1107
 -0.1712
 -0.2409
 -0.3191
 -0.4045
  -0.496
 -0.5919
 -0.6907
 -0.7904
 -0.8893
 -0.9853
  -1.076
  -1.161
  -1.236
  -1.301
  -1.354
  -1.394
  -1.418
  -1.426
  -1.418
  -1.392
  -1.349
  -1.288
  -1.211
  -1.117
  -1.007
 -0.8837
 -0.7474
 -0.6002
  -0.444
 -0.2809
  -0.113
 0.05723
  0.2275
  0.3955
  0.5588
  0.7151
  0.8625
  0.9988
   1.122
   1.231
   1.325
   1.401
    1.46
   1.502
   1.525
   1.529
   1.517
   1.487
   1.442
   1.382
   1.309
   1.225
   1.131
   1.029
  0.9211
  0.8098
  0.6969
  0.5843
  0.4741
  0.3679
  0.2675
  0.1742
  0.0895
 0.01425
-0.05071
 -0.1049
  -0.148
 -0.1801
 -0.2015
 -0.2127
 -0.2144
 -0.2077
 -0.1937
 -0.1738
 -0.1495
 -0.1222
-0.09377
-0.06568
 -0.0396
 -0.0171
 0.0003506
 0.01141
  0.0149
 0.009819
-0.004599
 -0.0289
-0.06337
  -0.108
 -0.1627
 -0.2268
 -0.2996
 -0.3802
 -0.4672
 -0.5594
  -0.655
 -0.7523
 -0.8495
 -0.9446
  -1.036
  -1.121
  -1.198
  -1.265
  -1.321
  -1.364
  -1.393
  -1.406
  -1.403
  -1.383
  -1.345
   -1.29
  -1.218
  -1.129
  -1.025
 -0.9061
  -0.774
 -0.6305
 -0.4773
 -0.3164
 -0.1501
 0.01937
  0.1897
  0.3585
  0.5234
  0.6822
  0.8326
  0.9726
     1.1
   1.214
   1.313
   1.395
   1.459
   1.506
   1.535
   1.545
   1.537
   1.513
   1.471
   1.415
   1.345
   1.263
    1.17
   1.069
  0.9611
  0.8488
  0.7341
   0.619
  0.5055
  0.3955
  0.2906
  0.1924
  0.1023
 0.02143
-0.04934
 -0.1094
 -0.1583
  -0.196
 -0.2227
 -0.2388
  -0.245
 -0.2422
 -0.2314
  -0.214
 -0.1914
 -0.1651
 -0.1367
 -0.1078
-0.08019
-0.05535
-0.03482
-0.02001
-0.01217
-0.01238
-0.02151
-0.04022
-0.06889
 -0.1077
 -0.1565
 -0.2149
 -0.2822
 -0.3577
 -0.4402
 -0.5282
 -0.6204
  -0.715
 -0.8102
 -0.9042
 -0.9949
   -1.08
  -1.159
  -1.228
  -1.287
  -1.334
  -1.366
  -1.384
  -1.386
  -1.371
  -1.339
  -1.289
  -1.223
   -1.14
  -1.041
 -0.9265
 -0.7989
 -0.6593
 -0.5094
 -0.3511
 -0.1867
-0.01828
  0.1517
  0.3211
  0.4873
  0.6481
  0.8013
  0.9448
   1.077
   1.195
   1.298
   1.386
   1.456
   1.508
   1.542
   1.558
   1.556
   1.536
   1.499
   1.447
    1.38
     1.3
   1.209
   1.109
   1.001
  0.8882
  0.7721
  0.6548
  0.5383
  0.4246
  0.3155
  0.2125
  0.1173
 0.03086
-0.04565
 -0.1115
 -0.1663
 -0.2097
 -0.2419
 -0.2631
 -0.2739
 -0.2752
 -0.2679
 -0.2533
 -0.2327
 -0.2076
 -0.1796
 -0.1504
 -0.1215
-0.09462
 -0.0713
-0.05299
-0.04103
-0.03657
-0.04057
-0.05378
-0.07672
 -0.1096
 -0.1525
 -0.2052
  -0.267
 -0.3372
 -0.4148
 -0.4986
 -0.5871
 -0.6787
 -0.7716
 -0.8641
 -0.9541
   -1.04
  -1.119
   -1.19
  -1.252
  -1.301
  -1.338
   -1.36
  -1.366
  -1.357
   -1.33
  -1.286
  -1.225
  -1.148
  -1.054
  -0.945
 -0.8221
 -0.6866
 -0.5402
 -0.3848
 -0.2226
 -0.0556
  0.1138
  0.2833
  0.4505
  0.6131
  0.7688
  0.9155
   1.051
   1.174
   1.282
   1.375
    1.45
   1.508
   1.548
   1.569
   1.572
   1.557
   1.525
   1.476
   1.413
   1.336
   1.247
   1.148
   1.041
  0.9279
  0.8107
  0.6915
  0.5723
  0.4553
  0.3421
  0.2346
  0.1343
 0.04251
-0.03966
 -0.1113
 -0.1719
 -0.2211
 -0.2589
 -0.2853
  -0.301
 -0.3066
 -0.3031
 -0.2915
 -0.2733
 -0.2497
 -0.2225
 -0.1932
 -0.1634
 -0.1348
  -0.109
-0.08744
 -0.0716
-0.06267
-0.06171
-0.06956
-0.08685
 -0.1139
 -0.1509
 -0.1977
 -0.2539
 -0.3187
 -0.3913
 -0.4705
 -0.5551
 -0.6434
 -0.7337
 -0.8243
 -0.9134
 -0.9988
  -1.079
  -1.151
  -1.215
  -1.267
  -1.307
  -1.334
  -1.345
   -1.34
  -1.319
  -1.281
  -1.226
  -1.154
  -1.065
 -0.9615
 -0.8434
 -0.7122
 -0.5697
 -0.4175
 -0.2577
-0.09243
 0.07603
  0.2454
  0.4132
  0.5772
  0.7351
  0.8847
   1.024
   1.151
   1.264
   1.361
   1.442
   1.506
   1.551
   1.578
   1.586
   1.576
   1.549
   1.505
   1.445
   1.371
   1.285
   1.187
   1.081
  0.9678
  0.8497
  0.7289
  0.6074
  0.4873
  0.3704
  0.2586
  0.1534
 0.05634
-0.03139
 -0.1088
 -0.1753
 -0.2303
 -0.2737
 -0.3055
 -0.3262
 -0.3364
 -0.3368
 -0.3286
  -0.313
 -0.2913
 -0.2651
 -0.2361
 -0.2057
 -0.1757
 -0.1477
 -0.1232
 -0.1038
 -0.0906
-0.08486
-0.08751
-0.09924
 -0.1206
 -0.1517
 -0.1926
 -0.2429
 -0.3022
 -0.3697
 -0.4442
 -0.5245
 -0.6092
 -0.6967
 -0.7852
 -0.8729
 -0.9578
  -1.038
  -1.112
  -1.177
  -1.232
  -1.276
  -1.306
  -1.321
  -1.322
  -1.306
  -1.273
  -1.223
  -1.157
  -1.074
 -0.9758
 -0.8627
 -0.7361
 -0.5976
 -0.4489
 -0.2919
 -0.1287
 0.03852
  0.2074
  0.3755
  0.5407
  0.7005
  0.8527
  0.9952
   1.126
   1.243
   1.346
   1.432
   1.501
   1.552
   1.584
   1.598
   1.593
   1.571
   1.531
   1.475
   1.405
   1.321
   1.226
    1.12
   1.008
  0.8891
  0.7671
  0.6435
  0.5206
  0.4002
  0.2843
  0.1744
  0.0723
-0.02088
  -0.104
 -0.1763
 -0.2371
 -0.2862
 -0.3236
 -0.3495
 -0.3644
  -0.369
 -0.3644
 -0.3517
 -0.3322
 -0.3075
 -0.2789
 -0.2483
 -0.2173
 -0.1874
 -0.1603
 -0.1375
 -0.1203
   -0.11
 -0.1076
 -0.1139
 -0.1295
 -0.1547
 -0.1897
 -0.2343
  -0.288
   -0.35
 -0.4196
 -0.4955
 -0.5764
 -0.6607
 -0.7468
 -0.8328
 -0.9168
  -0.997
  -1.071
  -1.138
  -1.196
  -1.242
  -1.276
  -1.296
  -1.301
   -1.29
  -1.263
  -1.219
  -1.158
  -1.081
  -0.988
 -0.8801
 -0.7582
  -0.624
  -0.479
  -0.325
 -0.1642
 0.001422
  0.1695
  0.3376
  0.5036
  0.6649
  0.8194
   0.965
   1.099
   1.221
   1.328
   1.419
   1.494
    1.55
   1.588
   1.607
   1.608
   1.591
   1.556
   1.504
   1.437
   1.356
   1.263
    1.16
   1.047
  0.9287
  0.8057
  0.6805
   0.555
  0.4314
  0.3116
  0.1974
 0.09032
-0.008174
-0.09691
 -0.1749
 -0.2416
 -0.2965
 -0.3395
 -0.3707
 -0.3905
 -0.3996
 -0.3989
 -0.3893
 -0.3724
 -0.3493
 -0.3217
 -0.2911
 -0.2593
 -0.2279
 -0.1984
 -0.1725
 -0.1516
 -0.1369
 -0.1297
 -0.1307
 -0.1407
 -0.1601
 -0.1892
 -0.2279
 -0.2758
 -0.3325
 -0.3969
 -0.4682
  -0.545
 -0.6258
 -0.7091
 -0.7931
  -0.876
 -0.9558
  -1.031
  -1.099
  -1.158
  -1.207
  -1.245
  -1.269
  -1.278
  -1.272
   -1.25
  -1.212
  -1.157
  -1.086
  -0.998
 -0.8953
 -0.7784
 -0.6487
 -0.5076
  -0.357
 -0.1988
-0.03513
  0.1318
  0.2996
   0.466
  0.6286
  0.7851
  0.9334
   1.071
   1.197
   1.309
   1.405
   1.484
   1.546
    1.59
   1.615
   1.621
   1.608
   1.578
   1.531
   1.468
    1.39
     1.3
   1.198
   1.087
  0.9684
  0.8448
  0.7181
  0.5905
   0.464
  0.3406
  0.2221
  0.1103
 0.006682
-0.08754
 -0.1713
 -0.2438
 -0.3045
 -0.3531
 -0.3898
 -0.4147
 -0.4284
 -0.4318
 -0.4258
 -0.4115
 -0.3905
 -0.3641
  -0.334
 -0.3018
 -0.2691
 -0.2376
 -0.2089
 -0.1845
 -0.1657
 -0.1537
 -0.1496
 -0.1541
 -0.1678
  -0.191
 -0.2238
  -0.266
  -0.317
 -0.3762
 -0.4426
 -0.5151
 -0.5922
 -0.6725
 -0.7542
 -0.8355
 -0.9146
 -0.9896
  -1.059
   -1.12
  -1.171
  -1.212
   -1.24
  -1.254
  -1.253
  -1.236
  -1.203
  -1.154
  -1.088
  -1.006
 -0.9085
 -0.7967
 -0.6716
 -0.5347
 -0.3877
 -0.2324
-0.07101
 0.09443
  0.2616
  0.4281
  0.5916
  0.7499
  0.9006
   1.042
   1.171
   1.287
   1.388
   1.473
    1.54
   1.589
   1.619
   1.631
   1.624
   1.599
   1.556
   1.497
   1.423
   1.335
   1.236
   1.126
   1.008
  0.8841
  0.7564
  0.6269
  0.4978
   0.371
  0.2486
  0.1323
 0.02363
-0.07596
 -0.1653
 -0.2436
 -0.3101
 -0.3645
 -0.4067
 -0.4369
 -0.4555
 -0.4631
 -0.4608
 -0.4497
  -0.431
 -0.4062
 -0.3768
 -0.3445
 -0.3109
 -0.2777
 -0.2465
 -0.2188
 -0.1962
 -0.1797
 -0.1706
 -0.1698
 -0.1778
 -0.1952
 -0.2221
 -0.2583
 -0.3037
 -0.3575
 -0.4189
 -0.4868
 -0.5599
 -0.6369
  -0.716
 -0.7954
 -0.8735
 -0.9483
  -1.018
   -1.08
  -1.134
  -1.178
  -1.209
  -1.227
  -1.231
  -1.219
  -1.192
  -1.148
  -1.088
  -1.011
 -0.9194
 -0.8129
 -0.6927
 -0.5602
  -0.417
  -0.265
 -0.1061
 0.05757
  0.2237
    0.39
  0.5542
  0.7138
  0.8667
   1.011
   1.144
   1.264
   1.369
   1.459
   1.531
   1.586
   1.622
   1.639
   1.638
   1.618
    1.58
   1.525
   1.455
    1.37
   1.273
   1.164
   1.047
  0.9236
  0.7951
  0.6641
  0.5326
  0.4028
  0.2767
  0.1561
 0.04261
 -0.0622
 -0.1571
 -0.2411
 -0.3134
 -0.3736
 -0.4215
  -0.457
 -0.4806
 -0.4928
 -0.4945
 -0.4867
 -0.4706
 -0.4476
 -0.4193
 -0.3872
 -0.3531
 -0.3185
 -0.2851
 -0.2545
 -0.2282
 -0.2075
 -0.1937
 -0.1876
 -0.1901
 -0.2017
 -0.2226
  -0.253
 -0.2926
 -0.3408
  -0.397
